-1.1036729 1.3555554 1.0677115 0.80959899 0.74128322 0.80998324 0.81808091 -0.92032979 2.5955799 1.6042745 0.82064641 0.79413652 1.2630491 2.2114636 1.5049809 2.6222393
2.6431984 -0.44668594 -0.13945390 0.12938170 0.17788850 0.073071217 0.044232851 2.3508044 -1.8569443 -0.67406115 0.23195128 0.23766123 -0.36104243 -1.4743107 -0.64335529 -1.9158462
1.6690746 -0.47499422 -0.25258689 -0.045055948 0.0013668724 -0.071180849 -0.089417548 1.6330213 -1.4586197 -0.62774499 0.039184885 0.050470266 -0.33227158 -1.1942554 -0.60014514 -1.4676253
0.0060432255 0.42734391 0.17696362 0.059760309 0.027398438 0.034607908 0.029750283 0.50110649 0.96985775 0.42671907 0.12233793 0.077125802 0.68116214 0.64918549 0.3261704 1.0166380
-6.9145890 1.4482036 0.59709197 -0.22642753 -0.41730962 -0.12738119 -0.051856424 -6.9795156 5.2947262 2.0700644 -0.57316906 -0.62621672 0.79723851 4.3000688 1.9764859 5.3048161
-1.5158773 -1.6036459 -0.26252211 0.071109469 0.076254248 -0.011457199 -0.022011682 -4.7193769 -3.9888526 -1.0177069 0.13891578 0.13060901 -3.6401583 -2.4075196 -0.82126072 -4.3355278
0.61742007 0.13860257 -0.14382801 -0.058149257 -0.0092890016 0.021446483 0.014255704 1.8120118 0.56646797 -0.35206051 -0.35204303 -0.095982571 1.0880886 0.29812326 -0.15957252 0.80048534
1.5502132 -0.32158368 -0.13332695 0.056672308 0.10378923 0.038582834 0.021882143 1.6096572 -1.1946363 -0.47601690 0.12794497 0.14326724 -0.15470355 -0.97525871 -0.45212434 -1.1909781
0.54237938 0.31461648 -0.043814141 -0.063851124 -0.031650182 0.0028198596 0.0063264120 1.5806367 0.90063692 0.0061857136 -0.20903423 -0.10982362 1.0500196 0.51820149 0.059682011 1.0496591
-2.0642189 0.44357933 0.19619285 -0.065708760 -0.13492954 -0.047060425 -0.024874471 -2.2109440 1.6264589 0.67153792 -0.15336449 -0.17806541 0.18686705 1.3399366 0.63650284 1.6123847
-0.90468682 -0.32587575 0.16752100 0.10498938 0.032786518 -0.020060540 -0.017555530 -2.6367184 -1.0918991 0.31225358 0.46715462 0.18034505 -1.6400134 -0.60565396 0.10269488 -1.3951104
1.5402077 -0.34138118 -0.16063076 0.040733113 0.096963599 0.030466929 0.013745859 1.7031434 -1.2354315 -0.52706167 0.10241454 0.12353365 -0.12179945 -1.0283777 -0.49991689 -1.2174905
-0.49729535 0.11259742 0.055804557 -0.010820157 -0.030307552 -0.0085305576 -0.0030285365 -0.56699986 0.40366357 0.17705708 -0.029975563 -0.037501381 0.032594587 0.33956674 0.16833944 0.39545100
